1,Verdant,Vale
CN,N,E,W,S,HE,HP,E,P
1,0,2,0,5,N,N
2,0,3,1,6,Y,N,O
3,0,4,2,0,N,N
4,0,0,3,7,Y,N,G
5,1,0,0,8,Y,N,O
6,2,100,0,9,Y,Y,VW,DAP
7,4,0,100,11,Y,Y,VW,IP
8,5,9,0,0,Y,Y,T,HP
9,6,10,8,0,N,N
10,12,11,9,0,Y,Y,T,HP
11,7,0,10,0,Y,N,G
50,0,0,0,10,Y,Y,WG
100,0,0,0,0,Y,Y,ET,RP
---------------
2,Blazing,Peaks
1,0,0,0,2
2,1,0,4,3
3,2,0,50,0
4,12,2,5,0
5,12,4,100,6
6,5,0,7,0
7,0,6,8,0
8,9,7,0,0
9,10,100,0,8
10,0,11,0,9
11,0,12,10,0
12,0,4,11,5
50,0,3,0,0,Y,Y
100,0,0,0,0,Y,Y
---------------
3,Frozen,Abyss
1,7,5,9,3
2,9,3,0,0
3,1,4,2,0
4,5,50,3,0
5,6,0,1,4
6,10,11,7,5
7,0,6,8,1
8,0,7,0,9
9,8,1,2,0
10,0,100,0,6
11,100,0,6,0
50,0,0,4,0,Y,Y
100,0,0,0,0,Y,Y
---------------
4,Shadow,Mire
1,2,3,0,0
2,0,4,0,1
3,4,0,1,0
4,5,9,2,3
5,6,0,0,4
6,0,7,50,5
7,0,0,6,8
8,7,10,0,9
9,8,0,4,0
10,11,100,8,12
11,0,0,0,10
12,10,0,0,0
50,0,6,0,0,Y,Y
100,0,0,0,0,Y,Y
---------------
5,Ethereal,Spire
1,0,4,8,2
2,1,3,9,0
3,4,13,2,14
4,5,0,1,3
5,19,20,6,4
6,50,5,7,0
7,18,6,6,8
8,7,1,0,9
9,8,2,10,12
10,0,9,0,11
11,10,12,0,0
12,9,0,11,0
13,0,0,3,15
14,3,15,0,0
15,13,0,14,0
16,17,7,0,0
17,0,18,0,16
18,0,0,17,7
19,0,100,0,5
20,100,0,5,0
50,0,0,0,6,Y,Y
100,0,0,0,0,Y,Y
---------------









